% Intrinsic and Extrinsic Camera Parameters
%
% This script file can be directly executed under Matlab to recover the camera intrinsic and extrinsic parameters.
% IMPORTANT: This file contains neither the structure of the calibration objects nor the image coordinates of the calibration points.
%            All those complementary variables are saved in the complete matlab data file Calib_Results.mat.
% For more information regarding the calibration model visit http://www.vision.caltech.edu/bouguetj/calib_doc/


%-- Focal length:
fc = [ 3613.872312276691900 ; 3611.156297599762638 ];

%-- Principal point:
cc = [ 1755.653004239145957 ; 2285.379638899060410 ];

%-- Skew coefficient:
alpha_c = 0.000000000000000;

%-- Distortion coefficients:
kc = [ 0.043998017180917 ; -0.257517624189916 ; 0.001607811622831 ; 0.000749686647078 ; 0.000000000000000 ];

%-- Focal length uncertainty:
fc_error = [ 17.770744486520247 ; 18.182831581653641 ];

%-- Principal point uncertainty:
cc_error = [ 24.667699228215962 ; 19.467498614001570 ];

%-- Skew coefficient uncertainty:
alpha_c_error = 0.000000000000000;

%-- Distortion coefficients uncertainty:
kc_error = [ 0.019260185835891 ; 0.074875056196048 ; 0.002101976403068 ; 0.002266282801202 ; 0.000000000000000 ];

%-- Image size:
nx = 3456;
ny = 4608;


%-- Various other variables (may be ignored if you do not use the Matlab Calibration Toolbox):
%-- Those variables are used to control which intrinsic parameters should be optimized

n_ima = 24;						% Number of calibration images
est_fc = [ 1 ; 1 ];					% Estimation indicator of the two focal variables
est_aspect_ratio = 1;				% Estimation indicator of the aspect ratio fc(2)/fc(1)
center_optim = 1;					% Estimation indicator of the principal point
est_alpha = 0;						% Estimation indicator of the skew coefficient
est_dist = [ 1 ; 1 ; 1 ; 1 ; 0 ];	% Estimation indicator of the distortion coefficients


%-- Extrinsic parameters:
%-- The rotation (omc_kk) and the translation (Tc_kk) vectors for every calibration image and their uncertainties

%-- Image #1:
omc_1 = [ 2.089783e+00 ; 1.970589e+00 ; -7.424869e-01 ];
Tc_1  = [ -1.064247e+02 ; -7.045311e+00 ; 4.766600e+02 ];
omc_error_1 = [ 6.430257e-03 ; 7.147597e-03 ; 1.295307e-02 ];
Tc_error_1  = [ 3.232686e+00 ; 2.599200e+00 ; 2.267468e+00 ];

%-- Image #2:
omc_2 = [ -1.993181e+00 ; -1.982699e+00 ; 1.027282e+00 ];
Tc_2  = [ -9.004140e+01 ; -3.446347e-01 ; 4.516304e+02 ];
omc_error_2 = [ 6.885336e-03 ; 5.428742e-03 ; 9.949896e-03 ];
Tc_error_2  = [ 3.056106e+00 ; 2.454507e+00 ; 1.899212e+00 ];

%-- Image #3:
omc_3 = [ -1.938170e+00 ; -1.811217e+00 ; -1.943278e-01 ];
Tc_3  = [ -1.105681e+02 ; -1.626096e+01 ; 3.270116e+02 ];
omc_error_3 = [ 4.680249e-03 ; 6.457626e-03 ; 9.607406e-03 ];
Tc_error_3  = [ 2.227029e+00 ; 1.792463e+00 ; 1.843818e+00 ];

%-- Image #4:
omc_4 = [ -1.799470e+00 ; -2.342539e+00 ; -9.527287e-01 ];
Tc_4  = [ -4.946354e+01 ; -2.234462e+01 ; 3.311979e+02 ];
omc_error_4 = [ 4.195318e-03 ; 7.527177e-03 ; 1.103774e-02 ];
Tc_error_4  = [ 2.269592e+00 ; 1.822457e+00 ; 2.245915e+00 ];

%-- Image #5:
omc_5 = [ -2.130455e+00 ; -2.094353e+00 ; 8.911773e-01 ];
Tc_5  = [ -7.870279e+01 ; -1.489939e+01 ; 4.308590e+02 ];
omc_error_5 = [ 6.977088e-03 ; 5.538559e-03 ; 1.163261e-02 ];
Tc_error_5  = [ 2.915573e+00 ; 2.325747e+00 ; 1.884204e+00 ];

%-- Image #6:
omc_6 = [ 1.588106e+00 ; 2.028917e+00 ; 7.788154e-01 ];
Tc_6  = [ -4.683854e+01 ; -5.678406e+01 ; 3.292580e+02 ];
omc_error_6 = [ 6.470063e-03 ; 5.611997e-03 ; 9.063072e-03 ];
Tc_error_6  = [ 2.271715e+00 ; 1.801652e+00 ; 2.154937e+00 ];

%-- Image #7:
omc_7 = [ 1.766247e+00 ; 1.814857e+00 ; -7.456160e-01 ];
Tc_7  = [ -8.348689e+01 ; 8.234972e+00 ; 4.535293e+02 ];
omc_error_7 = [ 5.258203e-03 ; 6.396577e-03 ; 1.013281e-02 ];
Tc_error_7  = [ 3.081713e+00 ; 2.463333e+00 ; 2.086908e+00 ];

%-- Image #8:
omc_8 = [ 1.837850e+00 ; 2.073831e+00 ; 2.353186e-01 ];
Tc_8  = [ -8.038011e+01 ; -6.898491e+01 ; 2.505093e+02 ];
omc_error_8 = [ 5.292329e-03 ; 5.393099e-03 ; 9.768823e-03 ];
Tc_error_8  = [ 1.741703e+00 ; 1.388531e+00 ; 1.563080e+00 ];

%-- Image #9:
omc_9 = [ 1.809143e+00 ; 1.705334e+00 ; -1.411212e+00 ];
Tc_9  = [ -6.983989e+01 ; 8.923750e+01 ; 5.176600e+02 ];
omc_error_9 = [ 5.029190e-03 ; 6.729312e-03 ; 9.381010e-03 ];
Tc_error_9  = [ 3.548311e+00 ; 2.814248e+00 ; 2.205091e+00 ];

%-- Image #10:
omc_10 = [ 2.136717e+00 ; 1.848788e+00 ; -5.362129e-01 ];
Tc_10  = [ -1.093090e+02 ; -3.114845e+01 ; 4.059814e+02 ];
omc_error_10 = [ 6.079343e-03 ; 6.471058e-03 ; 1.191022e-02 ];
Tc_error_10  = [ 2.760793e+00 ; 2.209348e+00 ; 2.081180e+00 ];

%-- Image #11:
omc_11 = [ -2.116604e+00 ; -1.930934e+00 ; -2.767826e-02 ];
Tc_11  = [ -1.127012e+02 ; -3.467374e+01 ; 3.220615e+02 ];
omc_error_11 = [ 5.436410e-03 ; 6.238754e-03 ; 1.113306e-02 ];
Tc_error_11  = [ 2.201935e+00 ; 1.769352e+00 ; 1.859786e+00 ];

%-- Image #12:
omc_12 = [ 1.912007e+00 ; 1.865416e+00 ; 2.154826e-01 ];
Tc_12  = [ -1.058024e+02 ; -4.798018e+01 ; 3.774402e+02 ];
omc_error_12 = [ 6.449586e-03 ; 6.488426e-03 ; 1.169353e-02 ];
Tc_error_12  = [ 2.626404e+00 ; 2.073862e+00 ; 2.395515e+00 ];

%-- Image #13:
omc_13 = [ 1.862410e+00 ; 1.723656e+00 ; -2.004512e-01 ];
Tc_13  = [ -1.159916e+02 ; -2.624155e+01 ; 4.228841e+02 ];
omc_error_13 = [ 5.940960e-03 ; 6.614099e-03 ; 1.074709e-02 ];
Tc_error_13  = [ 2.897338e+00 ; 2.322076e+00 ; 2.409832e+00 ];

%-- Image #14:
omc_14 = [ 2.044115e+00 ; 1.689647e+00 ; -5.009829e-01 ];
Tc_14  = [ -1.241448e+02 ; -2.419864e+01 ; 4.272921e+02 ];
omc_error_14 = [ 5.851228e-03 ; 6.524724e-03 ; 1.095367e-02 ];
Tc_error_14  = [ 2.910568e+00 ; 2.343186e+00 ; 2.252954e+00 ];

%-- Image #15:
omc_15 = [ 2.179317e+00 ; 1.939059e+00 ; -8.985488e-02 ];
Tc_15  = [ -1.144731e+02 ; -5.350573e+01 ; 3.680953e+02 ];
omc_error_15 = [ 7.220128e-03 ; 7.098305e-03 ; 1.429458e-02 ];
Tc_error_15  = [ 2.538288e+00 ; 2.013589e+00 ; 2.245851e+00 ];

%-- Image #16:
omc_16 = [ -2.054951e+00 ; -2.240008e+00 ; -5.745138e-01 ];
Tc_16  = [ -8.300279e+01 ; -5.584418e+01 ; 2.897083e+02 ];
omc_error_16 = [ 4.611909e-03 ; 6.702550e-03 ; 1.182307e-02 ];
Tc_error_16  = [ 2.016040e+00 ; 1.616323e+00 ; 1.911745e+00 ];

%-- Image #17:
omc_17 = [ -1.916089e+00 ; -2.205811e+00 ; -9.185731e-01 ];
Tc_17  = [ -7.166316e+01 ; -4.820660e+01 ; 2.630000e+02 ];
omc_error_17 = [ 3.970274e-03 ; 6.756831e-03 ; 1.055062e-02 ];
Tc_error_17  = [ 1.828670e+00 ; 1.469293e+00 ; 1.832139e+00 ];

%-- Image #18:
omc_18 = [ 2.181459e+00 ; 2.181975e+00 ; 7.807818e-02 ];
Tc_18  = [ -9.220924e+01 ; -4.531917e+01 ; 3.394947e+02 ];
omc_error_18 = [ 7.375649e-03 ; 6.530844e-03 ; 1.497597e-02 ];
Tc_error_18  = [ 2.340463e+00 ; 1.863454e+00 ; 2.138289e+00 ];

%-- Image #19:
omc_19 = [ -1.984945e+00 ; -1.867194e+00 ; -3.801872e-01 ];
Tc_19  = [ -1.080600e+02 ; -2.468027e+01 ; 2.754484e+02 ];
omc_error_19 = [ 4.343661e-03 ; 6.211845e-03 ; 9.753763e-03 ];
Tc_error_19  = [ 1.884105e+00 ; 1.527062e+00 ; 1.690712e+00 ];

%-- Image #20:
omc_20 = [ -1.949843e+00 ; -1.999573e+00 ; -4.622456e-01 ];
Tc_20  = [ -1.021454e+02 ; -1.221391e+01 ; 3.308735e+02 ];
omc_error_20 = [ 4.528072e-03 ; 6.899200e-03 ; 1.076083e-02 ];
Tc_error_20  = [ 2.256380e+00 ; 1.826511e+00 ; 2.047894e+00 ];

%-- Image #21:
omc_21 = [ -2.251121e+00 ; -2.064880e+00 ; 3.469758e-01 ];
Tc_21  = [ -1.083971e+02 ; -3.224559e+01 ; 3.769704e+02 ];
omc_error_21 = [ 6.883763e-03 ; 6.617371e-03 ; 1.399517e-02 ];
Tc_error_21  = [ 2.561180e+00 ; 2.045831e+00 ; 2.057551e+00 ];

%-- Image #22:
omc_22 = [ 2.166846e+00 ; 2.010141e+00 ; -5.054573e-01 ];
Tc_22  = [ -1.055575e+02 ; -2.582553e+01 ; 4.136260e+02 ];
omc_error_22 = [ 6.961246e-03 ; 7.016166e-03 ; 1.380312e-02 ];
Tc_error_22  = [ 2.806220e+00 ; 2.247708e+00 ; 2.148911e+00 ];

%-- Image #23:
omc_23 = [ 2.235078e+00 ; 1.990546e+00 ; -7.163986e-01 ];
Tc_23  = [ -1.080579e+02 ; -2.322939e+01 ; 4.180856e+02 ];
omc_error_23 = [ 5.883999e-03 ; 6.484566e-03 ; 1.237211e-02 ];
Tc_error_23  = [ 2.834066e+00 ; 2.271916e+00 ; 2.005827e+00 ];

%-- Image #24:
