% Intrinsic and Extrinsic Camera Parameters
%
% This script file can be directly executed under Matlab to recover the camera intrinsic and extrinsic parameters.
% IMPORTANT: This file contains neither the structure of the calibration objects nor the image coordinates of the calibration points.
%            All those complementary variables are saved in the complete matlab data file Calib_Results.mat.
% For more information regarding the calibration model visit http://www.vision.caltech.edu/bouguetj/calib_doc/


%-- Focal length:
fc = [ 3614.791561590764559 ; 3611.688860532946819 ];

%-- Principal point:
cc = [ 1755.876538315294738 ; 2287.690579706148128 ];

%-- Skew coefficient:
alpha_c = 0.000000000000000;

%-- Distortion coefficients:
kc = [ 0.044370887585252 ; -0.254811786030518 ; 0.002025408204534 ; 0.000752125735962 ; 0.000000000000000 ];

%-- Focal length uncertainty:
fc_error = [ 18.061863484489237 ; 18.471483348203261 ];

%-- Principal point uncertainty:
cc_error = [ 25.195244801484463 ; 19.793824835421209 ];

%-- Skew coefficient uncertainty:
alpha_c_error = 0.000000000000000;

%-- Distortion coefficients uncertainty:
kc_error = [ 0.019635686132089 ; 0.076640630486315 ; 0.002139696925747 ; 0.002326062928100 ; 0.000000000000000 ];

%-- Image size:
nx = 3456;
ny = 4608;


%-- Various other variables (may be ignored if you do not use the Matlab Calibration Toolbox):
%-- Those variables are used to control which intrinsic parameters should be optimized

n_ima = 24;						% Number of calibration images
est_fc = [ 1 ; 1 ];					% Estimation indicator of the two focal variables
est_aspect_ratio = 1;				% Estimation indicator of the aspect ratio fc(2)/fc(1)
center_optim = 1;					% Estimation indicator of the principal point
est_alpha = 0;						% Estimation indicator of the skew coefficient
est_dist = [ 1 ; 1 ; 1 ; 1 ; 0 ];	% Estimation indicator of the distortion coefficients


%-- Extrinsic parameters:
%-- The rotation (omc_kk) and the translation (Tc_kk) vectors for every calibration image and their uncertainties

%-- Image #1:
omc_1 = [ 2.089980e+00 ; 1.970761e+00 ; -7.422321e-01 ];
Tc_1  = [ -1.064659e+02 ; -7.338519e+00 ; 4.767847e+02 ];
omc_error_1 = [ 6.530837e-03 ; 7.268289e-03 ; 1.319864e-02 ];
Tc_error_1  = [ 3.302419e+00 ; 2.643109e+00 ; 2.307273e+00 ];

%-- Image #2:
omc_2 = [ -1.992843e+00 ; -1.982583e+00 ; 1.026627e+00 ];
Tc_2  = [ -9.006802e+01 ; -6.475809e-01 ; 4.516671e+02 ];
omc_error_2 = [ 7.019917e-03 ; 5.528889e-03 ; 1.012927e-02 ];
Tc_error_2  = [ 3.121463e+00 ; 2.495624e+00 ; 1.932221e+00 ];

%-- Image #3:
omc_3 = [ -1.937625e+00 ; -1.810768e+00 ; -1.948371e-01 ];
Tc_3  = [ -1.106028e+02 ; -1.648533e+01 ; 3.270849e+02 ];
omc_error_3 = [ 4.757366e-03 ; 6.573550e-03 ; 9.776279e-03 ];
Tc_error_3  = [ 2.274716e+00 ; 1.822761e+00 ; 1.876784e+00 ];

%-- Image #4:
omc_4 = [ -1.799253e+00 ; -2.342109e+00 ; -9.534978e-01 ];
Tc_4  = [ -4.949508e+01 ; -2.257863e+01 ; 3.312646e+02 ];
omc_error_4 = [ 4.265001e-03 ; 7.663635e-03 ; 1.123156e-02 ];
Tc_error_4  = [ 2.318262e+00 ; 1.853078e+00 ; 2.283250e+00 ];

%-- Image #5:
omc_5 = [ -2.129702e+00 ; -2.093890e+00 ; 8.901097e-01 ];
Tc_5  = [ -7.872189e+01 ; -1.520887e+01 ; 4.309616e+02 ];
omc_error_5 = [ 7.110543e-03 ; 5.638958e-03 ; 1.184171e-02 ];
Tc_error_5  = [ 2.978507e+00 ; 2.365000e+00 ; 1.916948e+00 ];

%-- Image #6:
omc_6 = [ 1.588358e+00 ; 2.028923e+00 ; 7.796914e-01 ];
Tc_6  = [ -4.686769e+01 ; -5.700560e+01 ; 3.293262e+02 ];
omc_error_6 = [ 6.594648e-03 ; 5.722570e-03 ; 9.215782e-03 ];
Tc_error_6  = [ 2.320601e+00 ; 1.831966e+00 ; 2.190826e+00 ];

%-- Image #7:
omc_7 = [ 1.766492e+00 ; 1.815146e+00 ; -7.454905e-01 ];
Tc_7  = [ -8.351617e+01 ; 7.948605e+00 ; 4.536774e+02 ];
omc_error_7 = [ 5.342220e-03 ; 6.513535e-03 ; 1.033010e-02 ];
Tc_error_7  = [ 3.147803e+00 ; 2.505125e+00 ; 2.122948e+00 ];

%-- Image #8:
omc_8 = [ 1.837902e+00 ; 2.073647e+00 ; 2.355808e-01 ];
Tc_8  = [ -8.042946e+01 ; -6.918975e+01 ; 2.505574e+02 ];
omc_error_8 = [ 5.392624e-03 ; 5.503924e-03 ; 9.931531e-03 ];
Tc_error_8  = [ 1.779144e+00 ; 1.411935e+00 ; 1.590191e+00 ];

%-- Image #9:
omc_9 = [ 1.806423e+00 ; 1.705431e+00 ; -1.409823e+00 ];
Tc_9  = [ -6.986701e+01 ; 8.896182e+01 ; 5.180303e+02 ];
omc_error_9 = [ 5.115269e-03 ; 6.844728e-03 ; 9.562638e-03 ];
Tc_error_9  = [ 3.625711e+00 ; 2.863396e+00 ; 2.243638e+00 ];

%-- Image #10:
omc_10 = [ 2.137202e+00 ; 1.849126e+00 ; -5.359988e-01 ];
Tc_10  = [ -1.093420e+02 ; -3.140263e+01 ; 4.060630e+02 ];
omc_error_10 = [ 6.178011e-03 ; 6.585399e-03 ; 1.214725e-02 ];
Tc_error_10  = [ 2.820173e+00 ; 2.246528e+00 ; 2.118187e+00 ];

%-- Image #11:
omc_11 = [ -2.116308e+00 ; -1.930817e+00 ; -2.773815e-02 ];
Tc_11  = [ -1.127328e+02 ; -3.490624e+01 ; 3.221802e+02 ];
omc_error_11 = [ 5.527821e-03 ; 6.346811e-03 ; 1.133218e-02 ];
Tc_error_11  = [ 2.249490e+00 ; 1.799535e+00 ; 1.893181e+00 ];

%-- Image #12:
omc_12 = [ 1.912445e+00 ; 1.865624e+00 ; 2.166103e-01 ];
Tc_12  = [ -1.058168e+02 ; -4.824161e+01 ; 3.774492e+02 ];
omc_error_12 = [ 6.567530e-03 ; 6.612764e-03 ; 1.189415e-02 ];
Tc_error_12  = [ 2.681742e+00 ; 2.108382e+00 ; 2.436595e+00 ];

%-- Image #13:
omc_13 = [ 1.862782e+00 ; 1.723941e+00 ; -1.998524e-01 ];
Tc_13  = [ -1.160185e+02 ; -2.652787e+01 ; 4.230004e+02 ];
omc_error_13 = [ 6.042451e-03 ; 6.740787e-03 ; 1.094691e-02 ];
Tc_error_13  = [ 2.958911e+00 ; 2.361250e+00 ; 2.452607e+00 ];

%-- Image #14:
omc_14 = [ 2.044715e+00 ; 1.690066e+00 ; -5.002551e-01 ];
Tc_14  = [ -1.241752e+02 ; -2.449346e+01 ; 4.274069e+02 ];
omc_error_14 = [ 5.949020e-03 ; 6.644645e-03 ; 1.117474e-02 ];
Tc_error_14  = [ 2.973094e+00 ; 2.382748e+00 ; 2.293935e+00 ];

%-- Image #15:
omc_15 = [ 2.179890e+00 ; 1.939421e+00 ; -8.891693e-02 ];
Tc_15  = [ -1.145042e+02 ; -5.375554e+01 ; 3.681232e+02 ];
omc_error_15 = [ 7.348361e-03 ; 7.228807e-03 ; 1.455784e-02 ];
Tc_error_15  = [ 2.591933e+00 ; 2.047280e+00 ; 2.285627e+00 ];

%-- Image #16:
omc_16 = [ -2.055043e+00 ; -2.239992e+00 ; -5.752291e-01 ];
Tc_16  = [ -8.301736e+01 ; -5.606165e+01 ; 2.897491e+02 ];
omc_error_16 = [ 4.690968e-03 ; 6.824695e-03 ; 1.202470e-02 ];
Tc_error_16  = [ 2.059534e+00 ; 1.643508e+00 ; 1.944053e+00 ];

%-- Image #17:
omc_17 = [ -1.915820e+00 ; -2.205285e+00 ; -9.193165e-01 ];
Tc_17  = [ -7.168193e+01 ; -4.839781e+01 ; 2.630596e+02 ];
omc_error_17 = [ 4.036422e-03 ; 6.880105e-03 ; 1.073515e-02 ];
Tc_error_17  = [ 1.868418e+00 ; 1.494102e+00 ; 1.863123e+00 ];

%-- Image #18:
omc_18 = [ 2.182001e+00 ; 2.182337e+00 ; 7.891028e-02 ];
Tc_18  = [ -9.225345e+01 ; -4.554074e+01 ; 3.395513e+02 ];
omc_error_18 = [ 7.507928e-03 ; 6.646923e-03 ; 1.522868e-02 ];
Tc_error_18  = [ 2.390295e+00 ; 1.894874e+00 ; 2.174595e+00 ];

%-- Image #19:
omc_19 = [ -1.984840e+00 ; -1.866822e+00 ; -3.803408e-01 ];
Tc_19  = [ -1.081033e+02 ; -2.486605e+01 ; 2.755890e+02 ];
omc_error_19 = [ 4.416456e-03 ; 6.324330e-03 ; 9.926700e-03 ];
Tc_error_19  = [ 1.925272e+00 ; 1.553308e+00 ; 1.721193e+00 ];

%-- Image #20:
omc_20 = [ -1.949420e+00 ; -1.999203e+00 ; -4.631245e-01 ];
Tc_20  = [ -1.021690e+02 ; -1.242820e+01 ; 3.309655e+02 ];
omc_error_20 = [ 4.602847e-03 ; 7.022858e-03 ; 1.094698e-02 ];
Tc_error_20  = [ 2.304991e+00 ; 1.857444e+00 ; 2.083765e+00 ];

%-- Image #21:
omc_21 = [ -2.250737e+00 ; -2.064687e+00 ; 3.463365e-01 ];
Tc_21  = [ -1.084226e+02 ; -3.250380e+01 ; 3.770819e+02 ];
omc_error_21 = [ 7.003522e-03 ; 6.729837e-03 ; 1.424728e-02 ];
Tc_error_21  = [ 2.616414e+00 ; 2.080538e+00 ; 2.094162e+00 ];

%-- Image #22:
omc_22 = [ 2.167431e+00 ; 2.010661e+00 ; -5.045690e-01 ];
Tc_22  = [ -1.055902e+02 ; -2.610486e+01 ; 4.137020e+02 ];
omc_error_22 = [ 7.077073e-03 ; 7.136924e-03 ; 1.407098e-02 ];
Tc_error_22  = [ 2.866448e+00 ; 2.285478e+00 ; 2.187140e+00 ];

%-- Image #23:
omc_23 = [ 2.235430e+00 ; 1.991008e+00 ; -7.156770e-01 ];
Tc_23  = [ -1.080950e+02 ; -2.350934e+01 ; 4.181793e+02 ];
omc_error_23 = [ 5.978801e-03 ; 6.594042e-03 ; 1.262220e-02 ];
Tc_error_23  = [ 2.895431e+00 ; 2.310244e+00 ; 2.041844e+00 ];

%-- Image #24:
