% Intrinsic and Extrinsic Camera Parameters
%
% This script file can be directly executed under Matlab to recover the camera intrinsic and extrinsic parameters.
% IMPORTANT: This file contains neither the structure of the calibration objects nor the image coordinates of the calibration points.
%            All those complementary variables are saved in the complete matlab data file Calib_Results.mat.
% For more information regarding the calibration model visit http://www.vision.caltech.edu/bouguetj/calib_doc/


%-- Focal length:
fc = [ 3613.827444751418170 ; 3611.115543349926156 ];

%-- Principal point:
cc = [ 1755.436020777956173 ; 2285.140441193192146 ];

%-- Skew coefficient:
alpha_c = 0.000000000000000;

%-- Distortion coefficients:
kc = [ 0.043932563703861 ; -0.257434107791944 ; 0.001582076763650 ; 0.000732568642514 ; 0.000000000000000 ];

%-- Focal length uncertainty:
fc_error = [ 17.765741311083971 ; 18.178097842113747 ];

%-- Principal point uncertainty:
cc_error = [ 24.655833784348030 ; 19.462041709361742 ];

%-- Skew coefficient uncertainty:
alpha_c_error = 0.000000000000000;

%-- Distortion coefficients uncertainty:
kc_error = [ 0.019249266502380 ; 0.074799823998734 ; 0.002101361697007 ; 0.002264583935659 ; 0.000000000000000 ];

%-- Image size:
nx = 3456;
ny = 4608;


%-- Various other variables (may be ignored if you do not use the Matlab Calibration Toolbox):
%-- Those variables are used to control which intrinsic parameters should be optimized

n_ima = 24;						% Number of calibration images
est_fc = [ 1 ; 1 ];					% Estimation indicator of the two focal variables
est_aspect_ratio = 1;				% Estimation indicator of the aspect ratio fc(2)/fc(1)
center_optim = 1;					% Estimation indicator of the principal point
est_alpha = 0;						% Estimation indicator of the skew coefficient
est_dist = [ 1 ; 1 ; 1 ; 1 ; 0 ];	% Estimation indicator of the distortion coefficients


%-- Extrinsic parameters:
%-- The rotation (omc_kk) and the translation (Tc_kk) vectors for every calibration image and their uncertainties

%-- Image #1:
omc_1 = [ 2.089755e+00 ; 1.970565e+00 ; -7.426068e-01 ];
Tc_1  = [ -1.063965e+02 ; -7.013122e+00 ; 4.766600e+02 ];
omc_error_1 = [ 6.428925e-03 ; 7.145432e-03 ; 1.294740e-02 ];
Tc_error_1  = [ 3.231150e+00 ; 2.598455e+00 ; 2.266667e+00 ];

%-- Image #2:
omc_2 = [ -1.993165e+00 ; -1.982653e+00 ; 1.027408e+00 ];
Tc_2  = [ -9.001451e+01 ; -3.137699e-01 ; 4.516295e+02 ];
omc_error_2 = [ 6.882653e-03 ; 5.426880e-03 ; 9.945579e-03 ];
Tc_error_2  = [ 3.054645e+00 ; 2.453797e+00 ; 1.898534e+00 ];

%-- Image #3:
omc_3 = [ -1.938206e+00 ; -1.811206e+00 ; -1.942010e-01 ];
Tc_3  = [ -1.105486e+02 ; -1.623869e+01 ; 3.270144e+02 ];
omc_error_3 = [ 4.678843e-03 ; 6.455672e-03 ; 9.604306e-03 ];
Tc_error_3  = [ 2.226001e+00 ; 1.791962e+00 ; 1.843137e+00 ];

%-- Image #4:
omc_4 = [ -1.799504e+00 ; -2.342568e+00 ; -9.525916e-01 ];
Tc_4  = [ -4.944368e+01 ; -2.232254e+01 ; 3.311969e+02 ];
omc_error_4 = [ 4.193985e-03 ; 7.524848e-03 ; 1.103481e-02 ];
Tc_error_4  = [ 2.268499e+00 ; 1.821945e+00 ; 2.245274e+00 ];

%-- Image #5:
omc_5 = [ -2.130435e+00 ; -2.094323e+00 ; 8.913019e-01 ];
Tc_5  = [ -7.867721e+01 ; -1.487049e+01 ; 4.308583e+02 ];
omc_error_5 = [ 6.974399e-03 ; 5.536911e-03 ; 1.162766e-02 ];
Tc_error_5  = [ 2.914173e+00 ; 2.325082e+00 ; 1.883554e+00 ];

%-- Image #6:
omc_6 = [ 1.588111e+00 ; 2.028959e+00 ; 7.787011e-01 ];
Tc_6  = [ -4.681867e+01 ; -5.676200e+01 ; 3.292582e+02 ];
omc_error_6 = [ 6.467642e-03 ; 5.609506e-03 ; 9.061071e-03 ];
Tc_error_6  = [ 2.270612e+00 ; 1.801147e+00 ; 2.154309e+00 ];

%-- Image #7:
omc_7 = [ 1.766205e+00 ; 1.814851e+00 ; -7.457153e-01 ];
Tc_7  = [ -8.345983e+01 ; 8.264991e+00 ; 4.535260e+02 ];
omc_error_7 = [ 5.257177e-03 ; 6.394390e-03 ; 1.012824e-02 ];
Tc_error_7  = [ 3.080256e+00 ; 2.462614e+00 ; 2.086214e+00 ];

%-- Image #8:
omc_8 = [ 1.837837e+00 ; 2.073846e+00 ; 2.351929e-01 ];
Tc_8  = [ -8.036496e+01 ; -6.896777e+01 ; 2.505131e+02 ];
omc_error_8 = [ 5.290495e-03 ; 5.390655e-03 ; 9.766243e-03 ];
Tc_error_8  = [ 1.740887e+00 ; 1.388145e+00 ; 1.562501e+00 ];

%-- Image #9:
omc_9 = [ 1.809432e+00 ; 1.705363e+00 ; -1.411477e+00 ];
Tc_9  = [ -6.980412e+01 ; 8.926077e+01 ; 5.176238e+02 ];
omc_error_9 = [ 5.027743e-03 ; 6.727366e-03 ; 9.377344e-03 ];
Tc_error_9  = [ 3.546428e+00 ; 2.813258e+00 ; 2.204244e+00 ];

%-- Image #10:
omc_10 = [ 2.136683e+00 ; 1.848773e+00 ; -5.363265e-01 ];
Tc_10  = [ -1.092849e+02 ; -3.112122e+01 ; 4.059835e+02 ];
omc_error_10 = [ 6.078048e-03 ; 6.468941e-03 ; 1.190455e-02 ];
Tc_error_10  = [ 2.759489e+00 ; 2.208724e+00 ; 2.080403e+00 ];

%-- Image #11:
omc_11 = [ -2.116629e+00 ; -1.930930e+00 ; -2.755038e-02 ];
Tc_11  = [ -1.126819e+02 ; -3.465172e+01 ; 3.220651e+02 ];
omc_error_11 = [ 5.434809e-03 ; 6.237078e-03 ; 1.112927e-02 ];
Tc_error_11  = [ 2.200914e+00 ; 1.768865e+00 ; 1.859098e+00 ];

%-- Image #12:
omc_12 = [ 1.911990e+00 ; 1.865433e+00 ; 2.153720e-01 ];
Tc_12  = [ -1.057795e+02 ; -4.795469e+01 ; 3.774418e+02 ];
omc_error_12 = [ 6.447620e-03 ; 6.485642e-03 ; 1.169028e-02 ];
Tc_error_12  = [ 2.625181e+00 ; 2.073284e+00 ; 2.394708e+00 ];

%-- Image #13:
omc_13 = [ 1.862378e+00 ; 1.723666e+00 ; -2.005559e-01 ];
Tc_13  = [ -1.159663e+02 ; -2.621309e+01 ; 4.228853e+02 ];
omc_error_13 = [ 5.939615e-03 ; 6.611508e-03 ; 1.074295e-02 ];
Tc_error_13  = [ 2.896010e+00 ; 2.321425e+00 ; 2.408957e+00 ];

%-- Image #14:
omc_14 = [ 2.044077e+00 ; 1.689640e+00 ; -5.010929e-01 ];
Tc_14  = [ -1.241194e+02 ; -2.416983e+01 ; 4.272945e+02 ];
omc_error_14 = [ 5.849999e-03 ; 6.522466e-03 ; 1.094847e-02 ];
Tc_error_14  = [ 2.909209e+00 ; 2.342523e+00 ; 2.252095e+00 ];

%-- Image #15:
omc_15 = [ 2.179296e+00 ; 1.939056e+00 ; -8.996897e-02 ];
Tc_15  = [ -1.144509e+02 ; -5.348096e+01 ; 3.680982e+02 ];
omc_error_15 = [ 7.218294e-03 ; 7.095693e-03 ; 1.428933e-02 ];
Tc_error_15  = [ 2.537121e+00 ; 2.013031e+00 ; 2.245025e+00 ];

%-- Image #16:
omc_16 = [ -2.054974e+00 ; -2.240026e+00 ; -5.743825e-01 ];
Tc_16  = [ -8.298521e+01 ; -5.582450e+01 ; 2.897110e+02 ];
omc_error_16 = [ 4.610444e-03 ; 6.700501e-03 ; 1.182035e-02 ];
Tc_error_16  = [ 2.015065e+00 ; 1.615859e+00 ; 1.911178e+00 ];

%-- Image #17:
omc_17 = [ -1.916121e+00 ; -2.205837e+00 ; -9.184465e-01 ];
Tc_17  = [ -7.164719e+01 ; -4.818863e+01 ; 2.630016e+02 ];
omc_error_17 = [ 3.969038e-03 ; 6.754736e-03 ; 1.054782e-02 ];
Tc_error_17  = [ 1.827771e+00 ; 1.468867e+00 ; 1.831595e+00 ];

%-- Image #18:
omc_18 = [ 2.181448e+00 ; 2.181968e+00 ; 7.793697e-02 ];
Tc_18  = [ -9.218874e+01 ; -4.529629e+01 ; 3.394973e+02 ];
omc_error_18 = [ 7.373539e-03 ; 6.528578e-03 ; 1.497207e-02 ];
Tc_error_18  = [ 2.339376e+00 ; 1.862936e+00 ; 2.137625e+00 ];

%-- Image #19:
omc_19 = [ -1.984983e+00 ; -1.867194e+00 ; -3.800626e-01 ];
Tc_19  = [ -1.080435e+02 ; -2.466140e+01 ; 2.754516e+02 ];
omc_error_19 = [ 4.342340e-03 ; 6.209932e-03 ; 9.750781e-03 ];
Tc_error_19  = [ 1.883222e+00 ; 1.526634e+00 ; 1.690096e+00 ];

%-- Image #20:
omc_20 = [ -1.949884e+00 ; -1.999580e+00 ; -4.621147e-01 ];
Tc_20  = [ -1.021257e+02 ; -1.219144e+01 ; 3.308753e+02 ];
omc_error_20 = [ 4.526670e-03 ; 6.897153e-03 ; 1.075796e-02 ];
Tc_error_20  = [ 2.255318e+00 ; 1.825998e+00 ; 2.047216e+00 ];

%-- Image #21:
omc_21 = [ -2.251128e+00 ; -2.064874e+00 ; 3.471073e-01 ];
Tc_21  = [ -1.083746e+02 ; -3.221995e+01 ; 3.769727e+02 ];
omc_error_21 = [ 6.881569e-03 ; 6.615728e-03 ; 1.398986e-02 ];
Tc_error_21  = [ 2.559978e+00 ; 2.045262e+00 ; 2.056805e+00 ];

%-- Image #22:
omc_22 = [ 2.166820e+00 ; 2.010123e+00 ; -5.055748e-01 ];
Tc_22  = [ -1.055330e+02 ; -2.579766e+01 ; 4.136271e+02 ];
omc_error_22 = [ 6.959785e-03 ; 7.013999e-03 ; 1.379730e-02 ];
Tc_error_22  = [ 2.804895e+00 ; 2.247071e+00 ; 2.148141e+00 ];

%-- Image #23:
omc_23 = [ 2.235049e+00 ; 1.990515e+00 ; -7.165211e-01 ];
Tc_23  = [ -1.080332e+02 ; -2.320110e+01 ; 4.180874e+02 ];
omc_error_23 = [ 5.882730e-03 ; 6.482613e-03 ; 1.236617e-02 ];
Tc_error_23  = [ 2.832712e+00 ; 2.271271e+00 ; 2.005081e+00 ];

%-- Image #24:
