% Intrinsic and Extrinsic Camera Parameters
%
% This script file can be directly executed under Matlab to recover the camera intrinsic and extrinsic parameters.
% IMPORTANT: This file contains neither the structure of the calibration objects nor the image coordinates of the calibration points.
%            All those complementary variables are saved in the complete matlab data file Calib_Results.mat.
% For more information regarding the calibration model visit http://www.vision.caltech.edu/bouguetj/calib_doc/


%-- Focal length:
fc = [ 3638.316040524779964 ; 3632.979737192948051 ];

%-- Principal point:
cc = [ 1738.132853518070306 ; 2287.547214930159953 ];

%-- Skew coefficient:
alpha_c = 0.000000000000000;

%-- Distortion coefficients:
kc = [ 0.042318590414041 ; -0.268541802077708 ; 0.003375264211827 ; -0.000745194173739 ; 0.000000000000000 ];

%-- Focal length uncertainty:
fc_error = [ 17.665839991853417 ; 18.034431513055885 ];

%-- Principal point uncertainty:
cc_error = [ 26.365854380496970 ; 20.417087745815326 ];

%-- Skew coefficient uncertainty:
alpha_c_error = 0.000000000000000;

%-- Distortion coefficients uncertainty:
kc_error = [ 0.020630969681265 ; 0.083599179657498 ; 0.002192422297088 ; 0.002405742879168 ; 0.000000000000000 ];

%-- Image size:
nx = 3456;
ny = 4608;


%-- Various other variables (may be ignored if you do not use the Matlab Calibration Toolbox):
%-- Those variables are used to control which intrinsic parameters should be optimized

n_ima = 27;						% Number of calibration images
est_fc = [ 1 ; 1 ];					% Estimation indicator of the two focal variables
est_aspect_ratio = 1;				% Estimation indicator of the aspect ratio fc(2)/fc(1)
center_optim = 1;					% Estimation indicator of the principal point
est_alpha = 0;						% Estimation indicator of the skew coefficient
est_dist = [ 1 ; 1 ; 1 ; 1 ; 0 ];	% Estimation indicator of the distortion coefficients


%-- Extrinsic parameters:
%-- The rotation (omc_kk) and the translation (Tc_kk) vectors for every calibration image and their uncertainties

%-- Image #1:
omc_1 = [ 2.084844e+00 ; 1.970143e+00 ; -6.944194e-01 ];
Tc_1  = [ -1.045268e+02 ; -7.851903e+00 ; 4.812749e+02 ];
omc_error_1 = [ 7.209256e-03 ; 7.773031e-03 ; 1.431809e-02 ];
Tc_error_1  = [ 3.467325e+00 ; 2.733422e+00 ; 2.297520e+00 ];

%-- Image #2:
omc_2 = [ -1.988922e+00 ; -1.982207e+00 ; 1.002776e+00 ];
Tc_2  = [ -8.809046e+01 ; -1.224021e+00 ; 4.529732e+02 ];
omc_error_2 = [ 7.278911e-03 ; 5.870312e-03 ; 1.058339e-02 ];
Tc_error_2  = [ 3.255164e+00 ; 2.566734e+00 ; 1.881239e+00 ];

%-- Image #3:
omc_3 = [ -1.935979e+00 ; -1.805648e+00 ; -1.910797e-01 ];
Tc_3  = [ -1.090620e+02 ; -1.641753e+01 ; 3.298555e+02 ];
omc_error_3 = [ 4.941585e-03 ; 6.855996e-03 ; 1.018171e-02 ];
Tc_error_3  = [ 2.384998e+00 ; 1.883030e+00 ; 1.844842e+00 ];

%-- Image #4:
omc_4 = [ -1.804402e+00 ; -2.340165e+00 ; -9.408440e-01 ];
Tc_4  = [ -4.833553e+01 ; -2.277422e+01 ; 3.353803e+02 ];
omc_error_4 = [ 4.483092e-03 ; 8.002759e-03 ; 1.172884e-02 ];
Tc_error_4  = [ 2.441611e+00 ; 1.920735e+00 ; 2.281190e+00 ];

%-- Image #5:
omc_5 = [ -2.131316e+00 ; -2.098024e+00 ; 8.741962e-01 ];
Tc_5  = [ -7.695520e+01 ; -1.543092e+01 ; 4.333918e+02 ];
omc_error_5 = [ 7.463469e-03 ; 6.046309e-03 ; 1.252230e-02 ];
Tc_error_5  = [ 3.116621e+00 ; 2.437705e+00 ; 1.869348e+00 ];

%-- Image #6:
omc_6 = [ 1.589549e+00 ; 2.028194e+00 ; 7.623381e-01 ];
Tc_6  = [ -4.587680e+01 ; -5.798298e+01 ; 3.320956e+02 ];
omc_error_6 = [ 6.835904e-03 ; 6.000713e-03 ; 9.592393e-03 ];
Tc_error_6  = [ 2.435459e+00 ; 1.891727e+00 ; 2.172909e+00 ];

%-- Image #7:
omc_7 = [ 1.770668e+00 ; 1.819869e+00 ; -7.505021e-01 ];
Tc_7  = [ -8.130780e+01 ; 8.023969e+00 ; 4.569176e+02 ];
omc_error_7 = [ 6.033157e-03 ; 7.310785e-03 ; 1.157026e-02 ];
Tc_error_7  = [ 3.296437e+00 ; 2.600215e+00 ; 2.111421e+00 ];

%-- Image #8:
omc_8 = [ 1.834055e+00 ; 2.069786e+00 ; 2.356449e-01 ];
Tc_8  = [ -7.881190e+01 ; -6.947159e+01 ; 2.516480e+02 ];
omc_error_8 = [ 5.674611e-03 ; 5.800962e-03 ; 1.031835e-02 ];
Tc_error_8  = [ 1.856984e+00 ; 1.451651e+00 ; 1.569471e+00 ];

%-- Image #9:
omc_9 = [ 1.803777e+00 ; 1.705844e+00 ; -1.398381e+00 ];
Tc_9  = [ -6.786636e+01 ; 8.909210e+01 ; 5.244349e+02 ];
omc_error_9 = [ 5.418993e-03 ; 7.120038e-03 ; 1.003683e-02 ];
Tc_error_9  = [ 3.816792e+00 ; 2.977993e+00 ; 2.239510e+00 ];

%-- Image #10:
omc_10 = [ 2.138628e+00 ; 1.852289e+00 ; -5.408462e-01 ];
Tc_10  = [ -1.073049e+02 ; -3.140360e+01 ; 4.088708e+02 ];
omc_error_10 = [ 6.513097e-03 ; 6.911714e-03 ; 1.275026e-02 ];
Tc_error_10  = [ 2.953306e+00 ; 2.315807e+00 ; 2.073327e+00 ];

%-- Image #11:
omc_11 = [ -2.112865e+00 ; -1.926426e+00 ; -2.857340e-02 ];
Tc_11  = [ -1.110929e+02 ; -3.473372e+01 ; 3.244119e+02 ];
omc_error_11 = [ 5.757826e-03 ; 6.659384e-03 ; 1.183887e-02 ];
Tc_error_11  = [ 2.355121e+00 ; 1.856907e+00 ; 1.870388e+00 ];

%-- Image #12:
omc_12 = [ 1.914155e+00 ; 1.867725e+00 ; 2.139834e-01 ];
Tc_12  = [ -1.039123e+02 ; -4.820687e+01 ; 3.801710e+02 ];
omc_error_12 = [ 6.919224e-03 ; 6.963155e-03 ; 1.243849e-02 ];
Tc_error_12  = [ 2.808283e+00 ; 2.175099e+00 ; 2.429696e+00 ];

%-- Image #13:
omc_13 = [ 1.863929e+00 ; 1.726814e+00 ; -2.026065e-01 ];
Tc_13  = [ -1.139156e+02 ; -2.652450e+01 ; 4.259832e+02 ];
omc_error_13 = [ 6.371212e-03 ; 7.103264e-03 ; 1.144119e-02 ];
Tc_error_13  = [ 3.097003e+00 ; 2.435369e+00 ; 2.427079e+00 ];

%-- Image #14:
omc_14 = [ 2.045312e+00 ; 1.692877e+00 ; -5.052444e-01 ];
Tc_14  = [ -1.220604e+02 ; -2.444826e+01 ; 4.304257e+02 ];
omc_error_14 = [ 6.253479e-03 ; 6.977936e-03 ; 1.168306e-02 ];
Tc_error_14  = [ 3.112964e+00 ; 2.456427e+00 ; 2.255140e+00 ];

%-- Image #15:
omc_15 = [ 2.182593e+00 ; 1.943027e+00 ; -9.041887e-02 ];
Tc_15  = [ -1.126321e+02 ; -5.375830e+01 ; 3.707543e+02 ];
omc_error_15 = [ 7.822391e-03 ; 7.649294e-03 ; 1.536931e-02 ];
Tc_error_15  = [ 2.712549e+00 ; 2.112217e+00 ; 2.281204e+00 ];

%-- Image #16:
omc_16 = [ -2.055495e+00 ; -2.235462e+00 ; -5.362160e-01 ];
Tc_16  = [ -8.326200e+01 ; -5.730945e+01 ; 3.009474e+02 ];
omc_error_16 = [ 5.123131e-03 ; 7.246860e-03 ; 1.281903e-02 ];
Tc_error_16  = [ 2.223912e+00 ; 1.746100e+00 ; 1.993500e+00 ];

%-- Image #17:
omc_17 = [ -1.911570e+00 ; -2.199543e+00 ; -9.388963e-01 ];
Tc_17  = [ -6.996056e+01 ; -4.793388e+01 ; 2.554928e+02 ];
omc_error_17 = [ 4.144950e-03 ; 7.151000e-03 ; 1.102488e-02 ];
Tc_error_17  = [ 1.890045e+00 ; 1.487150e+00 ; 1.788531e+00 ];

%-- Image #18:
omc_18 = [ 2.185044e+00 ; 2.185616e+00 ; 7.946291e-02 ];
Tc_18  = [ -9.046834e+01 ; -4.549407e+01 ; 3.418303e+02 ];
omc_error_18 = [ 7.968599e-03 ; 7.008651e-03 ; 1.607319e-02 ];
Tc_error_18  = [ 2.500009e+00 ; 1.954409e+00 ; 2.189371e+00 ];

%-- Image #19:
omc_19 = [ -1.983322e+00 ; -1.858576e+00 ; -3.667713e-01 ];
Tc_19  = [ -1.072377e+02 ; -2.503678e+01 ; 2.789593e+02 ];
omc_error_19 = [ 4.613957e-03 ; 6.598749e-03 ; 1.031678e-02 ];
Tc_error_19  = [ 2.026445e+00 ; 1.609017e+00 ; 1.698012e+00 ];

%-- Image #20:
omc_20 = [ -1.949335e+00 ; -1.987047e+00 ; -4.421341e-01 ];
Tc_20  = [ -1.015783e+02 ; -1.245429e+01 ; 3.355153e+02 ];
omc_error_20 = [ 4.826445e-03 ; 7.324027e-03 ; 1.139604e-02 ];
Tc_error_20  = [ 2.429617e+00 ; 1.926707e+00 ; 2.066097e+00 ];

%-- Image #21:
omc_21 = [ -2.247074e+00 ; -2.061478e+00 ; 3.474412e-01 ];
Tc_21  = [ -1.065372e+02 ; -3.249495e+01 ; 3.796041e+02 ];
omc_error_21 = [ 7.352264e-03 ; 7.126645e-03 ; 1.499090e-02 ];
Tc_error_21  = [ 2.739204e+00 ; 2.146113e+00 ; 2.063707e+00 ];

%-- Image #22:
omc_22 = [ 2.168866e+00 ; 2.013393e+00 ; -5.097822e-01 ];
Tc_22  = [ -1.035027e+02 ; -2.607946e+01 ; 4.166242e+02 ];
omc_error_22 = [ 7.487497e-03 ; 7.492615e-03 ; 1.481746e-02 ];
Tc_error_22  = [ 3.001910e+00 ; 2.356909e+00 ; 2.143432e+00 ];

%-- Image #23:
omc_23 = [ 2.238085e+00 ; 1.993588e+00 ; -7.151442e-01 ];
Tc_23  = [ -1.060883e+02 ; -2.353471e+01 ; 4.206865e+02 ];
omc_error_23 = [ 6.328670e-03 ; 6.881773e-03 ; 1.327898e-02 ];
Tc_error_23  = [ 3.030511e+00 ; 2.379996e+00 ; 1.988417e+00 ];

%-- Image #24:
